1.278103169194691469e-02 1.361595581849989745e-01 7.629631550198258914e-03 6.058165020913253151e-02 8.672288585995904797e-03 1.511559460620686690e-01 8.219851646037386050e-01 1.573971536602144505e-01 2.173797750864543021e+07
1.304819847241969755e-03 5.375510197802459145e-02 2.278489796813037982e-02 5.338103771849999485e-02 2.120621735679865394e-01 1.351698432710841946e-01 1.051632976891294230e-01 2.099589399888978636e-01 1.497512132404354587e+07
6.993262013961802290e-03 4.550324153926884468e-02 4.779091184723820163e-02 6.595650177461144514e-02 2.591193028173750523e-01 1.945391302857989724e-01 3.945507967655357828e-01 3.407939490759495649e-02 3.566401451603431255e+07
5.852404458978943680e-03 1.228452918136764410e-01 4.212508546176003087e-03 7.043280580205291651e-03 2.225779878236117115e-01 1.693934424679788830e-01 9.056080931505848808e-01 1.707024928036373346e-01 3.733246128189446032e+07
1.715718725260348410e-02 6.675041455290275927e-02 3.668656842686712077e-02 4.361269026904574658e-02 2.816228567393142534e-01 1.011027958582032815e-01 4.784279525711093717e-01 1.007094420819331093e-01 1.812941300657653064e+07
9.993050273375587642e-03 1.020852753921172862e-01 1.394855782321312992e-02 1.025165408174582259e-02 6.831352604076514068e-02 1.069414988342717449e-01 6.790285571749420379e-01 6.622085441708143450e-02 2.365209985655675828e+07
1.828901189836947688e-02 1.908286887764598372e-01 3.151275265985387791e-02 2.359210251291099861e-02 9.527647223143741184e-02 4.598876741957245995e-02 5.847494057898667830e-01 1.090343596092561568e-01 3.097073548312607408e+07
3.981245320053099050e-03 8.861400965349816583e-02 1.780739925480611871e-02 3.182200789093855842e-02 1.350228201665278072e-01 2.259707003626677466e-02 2.596943592754622498e-01 6.691609744152096119e-03 1.273542120232626237e+07
1.466417288008590829e-02 1.516315517957583792e-01 4.198607103965170534e-02 7.450905335990541667e-02 1.804491218629785676e-01 1.456505035249358636e-03 1.920632486923656845e-02 4.296641100972596605e-02 3.233510606061269715e+07
1.083486369374891782e-02 1.715622249328003779e-01 2.730548037059660899e-02 3.822452713902040056e-02 5.420553396721769501e-02 7.769280133475493788e-02 7.621094326017019416e-01 1.291530258263970943e-01 2.687150667210074514e+07
