6.123330349921430986e-03 1.408856514154797623e-01 2.244421891805245192e-02 2.011677624905594541e-02 2.820497218748552193e-01 3.657289466487956275e-02 8.145126044061837822e-01 7.508697381737734766e-02 2.566373554202824086e+07
1.466351944998568052e-02 1.858011024135725886e-01 5.282244722453344719e-03 6.228929407676871144e-02 2.510206406141686220e-01 4.090039016957188432e-03 9.061612788714384914e-01 5.480802063263652546e-02 2.514160462547232956e+07
1.099675272599973629e-02 1.755817586943745345e-01 2.802154769249802502e-02 5.582691889608484143e-02 1.969902205419157282e-01 1.492764735518094799e-01 4.895788929965967928e-01 1.610882713679565037e-01 3.731406540322458744e+07
1.562427586807195283e-02 6.878931971484572583e-02 3.939138193376822555e-02 6.510486187091475696e-02 2.316858314317024603e-01 1.335142491013623645e-01 8.063240548433976695e-02 9.220366456843216707e-02 1.398843781436057389e+07
1.350023371867501223e-02 1.734299074319451128e-01 4.881327119451962099e-02 1.348872921511938029e-02 5.107940356555224631e-02 5.105296756501171568e-02 4.233350874441589307e-01 8.778177406973300401e-02 2.620681217886020988e+07
1.174144159666094291e-02 1.180885887794578398e-01 1.006131509169259398e-02 4.830293939850708804e-03 1.309608545684312619e-01 3.467151356017584424e-02 1.401268927425753930e-01 2.095154721312481039e-01 2.390560507318044826e+07
1.825701772408537191e-02 1.507194941592739090e-01 4.285166286683751713e-02 4.393597494115475399e-02 1.459219336811526935e-01 1.268242317881924652e-01 4.425613224502323306e-01 1.272003053393362670e-01 1.216553275351366401e+07
1.060604773071738456e-02 5.148643568444369323e-02 4.631549331528441588e-02 5.374217637367804945e-02 8.399931207619973361e-02 1.099982570963367184e-01 2.177963597578529403e-03 5.252191016370912763e-02 3.176915247232338414e+07
8.500147462285423047e-03 1.546832281914781726e-01 1.166661298050165191e-02 3.942739856021914430e-02 2.600532006680356667e-01 1.963781500796174251e-01 5.086511237815709574e-01 4.208664875563646740e-02 1.146541387422044761e+07
9.432455050211532160e-03 3.062216795255678220e-02 1.989931014120589758e-02 2.068424985067290889e-03 2.717838192400756636e-01 9.058914387656677447e-02 6.330244725221203517e-01 1.978368733284706082e-01 3.991711669421821833e+07
8.084108253852173229e-03 6.198118756360553733e-02 2.145379846519716621e-04 7.253001089578185387e-03 1.795756627076013079e-01 9.254261831845689290e-02 9.773885208397916635e-01 8.532566749054897037e-02 2.305854374353468791e+07
4.253466878242756315e-03 1.236447053179564742e-01 3.663009136808905580e-02 7.822519913188641372e-02 8.764832979533861146e-02 1.250443826249893198e-01 6.677139165613217298e-01 1.332759750983810165e-01 3.643636443059737980e+07
1.155455357962388921e-02 1.305574224484301049e-01 2.550723328877248577e-02 5.745104758115516554e-03 5.599857613046494570e-02 1.730992416275629608e-01 2.506265395648174521e-01 2.027895239721512824e-02 3.847013762920194864e+07
1.734157270480396603e-03 1.193825422165790684e-01 1.834734203674143541e-02 1.654313864940858830e-02 2.243663103623465827e-01 1.686624558953764286e-01 7.641174709981330970e-01 1.161899907985016606e-01 1.432825530997892655e+07
7.733914711698219174e-03 1.224358681159610912e-01 2.646004975998978576e-02 5.458828840199715648e-02 1.689024981646796153e-01 5.749239497617962547e-02 8.598382002200951613e-01 1.135710678312169819e-01 2.180438674736095965e+07
9.908783097056108810e-03 1.603413821391904970e-01 4.488560386887997106e-02 2.257016532544917076e-02 1.370140476945979659e-02 1.671319626128827673e-01 2.683171037565308392e-01 3.753282896536851154e-02 2.437976852547057718e+07
1.191568500567067668e-03 1.650029571676433771e-01 1.525462699552640466e-02 6.289010440404060875e-02 1.058677958891308807e-01 1.607351754934752686e-01 2.200407371838330461e-01 1.556463658830994357e-01 1.287956792001139373e+07
1.235073042626913704e-02 7.217200799969579472e-02 2.702773095287807834e-02 9.945823509777492258e-03 9.917297081897205602e-02 1.064518351919599842e-01 3.842975175025505896e-01 2.036706174444316841e-01 3.921998106373645365e+07
5.449226595648225778e-03 8.582560733239119610e-02 3.760364887572020809e-02 3.272174511026804296e-03 1.707596077295988335e-01 1.454148166615851917e-02 9.992184219602173734e-01 2.074442498692050108e-01 2.962169928558684513e+07
4.410915170264585912e-03 1.125935307113843792e-01 4.341518373056615226e-02 4.530752814911637172e-03 3.005800023311491764e-01 1.749819888836837700e-01 6.664581700958188692e-02 1.177649611799726909e-01 3.814157955030664802e+07
1.872117353462993128e-02 3.570493836178249836e-02 3.702614730213136390e-02 6.343402954855789644e-02 2.993943026296515264e-02 1.975753339998752856e-01 1.613882528161723062e-01 1.690373107548102938e-01 2.671118530146869645e+07
5.140011306575165313e-03 1.062608794110082994e-01 4.370444228646856027e-02 4.949206768266406486e-02 2.939560206083848271e-01 6.314497131823625098e-02 9.469688835549451289e-01 1.874005105791071712e-01 2.468784884756109118e+07
1.384134057870148489e-02 5.009178678044484689e-02 4.759487632344261421e-02 2.819042839454973318e-02 3.036549954993258971e-01 6.018194085206334670e-02 8.001643008800236601e-01 1.626563135763241519e-01 2.819217756636506692e+07
1.687625036891591060e-02 6.057226119625501448e-02 2.119442159455562497e-02 3.479170608284725547e-02 2.135666681936221056e-01 2.083414203113297947e-01 1.100509994036963091e-01 1.593034094528746059e-01 1.468638784654171951e+07
1.103119868864591360e-02 1.936156398830593539e-01 3.152799868921452725e-02 8.506874953642773463e-03 7.766703612535894030e-02 3.125311301488516158e-02 5.772525761548066292e-01 1.532222360941813966e-01 2.733677983004520461e+07
1.364417967695210829e-02 1.950848750354148564e-01 1.574695214118592215e-02 1.578198062778198929e-03 1.301475905325441829e-01 4.217213961523793436e-02 5.305226205093237501e-01 1.502498171720543507e-01 1.529551254396738112e+07
1.437288094113837143e-02 1.008731069497169480e-01 4.023419733591131198e-02 3.128905536730789555e-02 2.610430770407349277e-01 1.627630411455945891e-01 6.521252760927140901e-01 1.906109702643961623e-01 3.962231984198466688e+07
5.887866263415268177e-03 5.313881635862954811e-02 4.679220834404589774e-02 7.987090592934496802e-02 1.099939716630102537e-01 1.114389820721492369e-01 2.811523203183320385e-01 1.441652056993474318e-01 1.817504449526954442e+07
3.827734731229690251e-03 5.454400441204614036e-02 1.726089559847526420e-02 1.240840926699996946e-02 2.877018968370763635e-03 1.783507541613807701e-01 4.956710981584410147e-01 1.548097652779258926e-01 1.265160079218994454e+07
1.300428467075790372e-02 6.419449231821564017e-02 4.080904501096535575e-02 4.204865353484305013e-02 1.442018291192547486e-01 1.830736197626439687e-01 2.236676521849192273e-02 1.968525929726343826e-01 2.019706973277544230e+07
1.949572522135060992e-02 1.450191478150598678e-01 3.584933384621183383e-02 5.730080894841346056e-02 1.672551229980642207e-01 1.170876166059662687e-01 9.840209626429352596e-01 5.729294121343376373e-02 2.359763881690904871e+07
1.045211440199540244e-02 1.925348421900837659e-01 8.611442356749944224e-03 2.732828933015689094e-03 1.251829563241337595e-01 9.892234129354961214e-02 1.801373003504131709e-01 2.000174706417391923e-01 1.963169942438590154e+07
1.748378462743279890e-02 3.252263201480395938e-02 2.918442760268615335e-02 6.471735581013896010e-02 2.953455140673653112e-01 1.014818577624391899e-01 1.591150958097413970e-01 4.819101184518193720e-02 1.667859136966599897e+07
8.387726878567012406e-03 3.817202678922494707e-02 4.743488441965298258e-02 5.255009187972825568e-02 1.164762165097174562e-01 1.427303754309897921e-01 3.947408318319510778e-01 1.007208741423171183e-01 2.034472953294640779e+07
2.533572457301842221e-03 1.260640739286365553e-01 6.803148574136129445e-03 6.002200851628293476e-02 2.760418082592233646e-01 3.261250500956626441e-02 7.228085314340322309e-01 1.854772149063433628e-01 1.612242945214446262e+07
1.917499721207101618e-02 4.692969465312447214e-02 2.024736785293483957e-02 2.224851835621302620e-02 1.408569832354607809e-01 1.199358065487763497e-01 3.525509635854676138e-01 1.488383025161952311e-01 3.589159153159825504e+07
9.692846666146299334e-03 7.687727501851965295e-02 2.165569756314118105e-02 3.344896295490759619e-02 1.597696362901267486e-01 2.058949573829359503e-01 7.741879175952026682e-01 1.841668453495641233e-01 1.948370012386777997e+07
6.481601635834355682e-03 8.912744955597792784e-02 2.880783935689919598e-02 4.420372294661174123e-02 2.103184050592246668e-01 1.657236082744372729e-01 6.188060027167822108e-01 7.273193903099787506e-03 1.696816608601846918e+07
1.011781041890380366e-02 1.895301293489883576e-01 3.322789240898026825e-02 2.479229728493992022e-02 1.827399217008124077e-01 1.582311809426235616e-01 5.429902429521633600e-01 8.386487403599042489e-02 3.098306825946466997e+07
1.448159225196280452e-02 7.991073876600604531e-02 4.573387607172384878e-02 7.224016067279649678e-02 1.235152337909388859e-01 7.899438435116127102e-03 2.042252133360675237e-01 7.245109911752213583e-02 1.910713900674538314e+07
1.266649465308324236e-02 1.067340583611412763e-01 1.811347533243516661e-03 5.614868441073838506e-02 9.044377869440713147e-02 5.300991847279916402e-02 3.311524968058128515e-02 1.398864870699358387e-01 1.750695333419961855e+07
6.210308616312818809e-03 4.103933568908521567e-02 9.315085511526941756e-04 1.978529439036572080e-02 2.283933685815769943e-02 1.551743116741004236e-01 7.892732772630004501e-01 5.398883868133651925e-03 3.906876675235673785e+07
5.774942188853423274e-03 8.114095711597929528e-02 3.085196871937426893e-02 3.719397282390212583e-02 1.844789308332741296e-01 1.918654673376921360e-01 9.180595523153044502e-01 1.393185798642110167e-02 2.542359911385221034e+07
1.779519481220867214e-02 7.268009729449501077e-02 3.506348344485515911e-02 2.744534272368007524e-02 2.440252401061154541e-01 1.940307151226122462e-01 1.374797408597554782e-01 1.826741875454405695e-01 3.267618411853986233e+07
8.637416582862431254e-04 1.821769198812845103e-01 3.435026883814891463e-02 6.908936364353758519e-02 1.198131136088011889e-01 1.479856799576760307e-01 7.463228583271404037e-01 1.209348086569440456e-01 1.879108543592237681e+07
1.252495511110156279e-02 9.439462407283062684e-02 3.887675518608595115e-02 8.999477844512309560e-03 1.033532846033038410e-01 1.050357774732743957e-02 5.850456163394680553e-01 1.096478584478437629e-01 3.402362026296339929e+07
2.962713931991827637e-04 3.382704273234562325e-02 7.868022063220236895e-03 4.544648756042853760e-02 1.589299995226136838e-02 1.142261916460407117e-01 5.557878126932033203e-01 4.454248064950237090e-02 2.495188390734187886e+07
1.817861031367259961e-02 6.258946307813317844e-02 2.326363644614989554e-02 6.979336021898595310e-02 2.270590917003368903e-01 9.003385783990909552e-02 8.601128253629746201e-01 6.407566046961037098e-02 3.319309203277621791e+07
3.487697449691689808e-03 9.843602479980287367e-02 1.135459124657028397e-02 2.588150869909763147e-02 3.071662010863366876e-01 1.366108676247071441e-01 4.575795991152313280e-01 1.708715888048825959e-01 3.855615084801360965e+07
1.934807417952309067e-02 1.364260509118546127e-01 4.424290453877220003e-02 3.834577836941200496e-02 1.746714428196337876e-01 1.322347288966304324e-01 8.405205122180066102e-01 1.131963753433639780e-01 1.737643665017478541e+07
1.418911555249265793e-02 6.925606822529825624e-02 3.987895286905624587e-02 3.530148858129739803e-02 1.631565945351885760e-01 6.729758980288352843e-02 4.379297919880329459e-01 7.812580131226340430e-02 3.019657886238292605e+07
1.524797930133272791e-02 1.460588397315155107e-01 2.453608857918667448e-03 6.617633411004059107e-02 2.013501187191961972e-01 7.802240084132983089e-02 3.011051539137439836e-01 1.073229464575888720e-01 3.526140943258002400e+07
4.373713851969104308e-04 1.839592326964374081e-01 9.346657931064799446e-03 5.890457721975002336e-02 2.470234042176351619e-01 2.930864461193653098e-02 1.473156883419161206e-02 9.009660763038007669e-02 1.084921906401656754e+07
1.122917203368733324e-02 1.710614811304451144e-01 1.781706587823735782e-02 7.529285542244272544e-02 6.669867696315789907e-02 1.887263968409739201e-01 2.376520846149035859e-01 6.676538659101917406e-02 1.042931937348263338e+07
1.397218103588511017e-03 1.619554119071672793e-01 6.445868074190098940e-03 6.131520242235034834e-02 7.690373309179705796e-02 1.195653242888060214e-01 7.171873321159190351e-02 1.362030644781562772e-01 2.274391114141402394e+07
1.280937721966849720e-02 4.487097488253661420e-02 1.334221981285133724e-02 3.653931471863406527e-02 2.415747496388199189e-01 1.453569500015048088e-01 3.677337574039741264e-01 1.926157934984200348e-01 1.584656316499000788e+07
4.867125372893606541e-03 1.872936397477569792e-01 1.874233980348749551e-02 4.592503055948565782e-02 1.377754117375154519e-01 9.653059737199295998e-02 8.967731259029059210e-01 6.897402790133294603e-02 3.237642611251254007e+07
1.543859468666810772e-02 7.574181037405849914e-02 4.102833806334078154e-02 7.083452902619251368e-02 2.224636033545401292e-01 1.517620196040835034e-01 7.515884684029008334e-01 3.912762809803439767e-02 3.196697694553764537e+07
1.703488173435420069e-02 1.215000885636795674e-01 3.264642573239709411e-02 5.116915717961715432e-02 3.298721757017550327e-02 4.107435448713101650e-02 7.175349256768798201e-01 2.056236963012814944e-01 3.684133654328767955e+07
1.197394384590548533e-02 1.400842538874793874e-01 4.157047516881046123e-02 2.093037635016188266e-02 2.899691038529818021e-01 2.554857744241968709e-02 3.716062573716538697e-01 1.736088974295985354e-01 3.000768737020600587e+07
1.212478314829636312e-02 1.979329477526367564e-01 3.626202925909923630e-02 6.799325788505861112e-02 2.061846792828703478e-01 1.447237612817537933e-01 1.088316408248546641e-01 2.744469124569632202e-03 2.093161832132400572e+07
2.724183659954997581e-03 7.862193124835117897e-02 1.289707620760288144e-02 1.161805591358609432e-02 2.868566883244181853e-01 1.896734422453784097e-01 9.313720138552328276e-01 1.780458727651742512e-01 1.104545723747375421e+07
1.163895387770427688e-04 4.836617151460978481e-02 2.268357550182639390e-02 4.874716843362529584e-02 2.078981640377156048e-02 1.870389103148259805e-02 1.795159022355450051e-01 1.192447570796669604e-02 2.892120703330901265e+07
3.786463194073826349e-03 1.670332125015931979e-01 4.830900450855862144e-02 3.210551941376597884e-02 1.534673462057586646e-01 8.471960813614913544e-02 1.275050445628850837e-01 4.092561276116347957e-02 3.617295119991469383e+07
1.897866882639867581e-02 6.627266459153510758e-02 3.350580642389052594e-02 7.168159007792232473e-02 6.944805461796309254e-02 1.573457123616686104e-01 9.597811844466680453e-01 1.804669956088409688e-01 1.208041289915913343e+07
8.947268606012713510e-03 8.735504802782351197e-02 3.027692468860471164e-02 3.430599076916476114e-02 1.010493091150876238e-01 1.043700065441812291e-01 4.844166615504301443e-02 1.302252508600104941e-01 3.140719654996356368e+07
4.716123705417483124e-03 1.540657932127846297e-01 3.229977893837124303e-02 4.146733311565241331e-02 1.890867575161936931e-01 9.821903112032445704e-02 9.251331721997511082e-01 6.991962834395802628e-02 3.473831788408978283e+07
1.337236804255881838e-02 1.795201013385504807e-01 4.537579856232172755e-03 4.039767592607119984e-02 2.627109821642039517e-02 1.940588210950307951e-02 6.406830540897874293e-01 1.257684627032555069e-01 2.322543881431323662e+07
8.754404250576153929e-03 1.988584597294677236e-01 4.924568813560917940e-02 5.147883223957249593e-02 3.957309372865641661e-02 2.025793716022766811e-01 5.608133871838868467e-01 1.746801114982797221e-01 1.321490947308322042e+07
3.356043259829130827e-03 1.352663686150285538e-01 2.477705398968278391e-02 2.662698050957382559e-02 2.685054538608717123e-01 7.585835221274866980e-02 5.156944755647161482e-01 9.563102944258700111e-02 2.131103219700030982e+07
3.094751200500095445e-03 1.424081124114313923e-01 4.531787076399466929e-02 2.946248937151463645e-02 8.104240856816916083e-02 1.076708126079720662e-01 6.826604171193819681e-01 2.154922862283128321e-02 3.111684250231145322e+07
1.504005375062273699e-02 1.014320065281141825e-01 1.480779628000750830e-02 7.448013798221603254e-02 6.395281492726682428e-03 7.190070090149054682e-02 1.933099618021820731e-01 3.426442882361827036e-02 2.868289358281365782e+07
1.956740684269527974e-03 1.377884810545659255e-01 1.027071265299809091e-03 1.074163642250438623e-02 1.517848850015154905e-01 2.320803974189870889e-02 6.942023199698901248e-01 9.951077891353212607e-03 3.047253204190505669e+07
1.844643288414023544e-02 9.156529024276352513e-02 3.823523807053652579e-02 3.861835369307284327e-02 2.751674566034316149e-01 1.389965615752228045e-01 2.484322933603525518e-01 1.670080973200560592e-01 3.708703894349577278e+07
1.587373218923461907e-02 8.342212026972523065e-02 3.148405551405977082e-02 1.369943747111445481e-02 5.420555830538049263e-02 7.071047643300436281e-02 8.772060029220010158e-01 9.388473283531463542e-02 1.639019961744085699e+07
1.646735791190734668e-02 1.802128347004136322e-01 1.600634627136883134e-02 5.343237848564148795e-02 4.317351495131908912e-02 1.862584687110653003e-01 2.909776587110453061e-01 1.413887447835203981e-01 1.174389884728368372e+07
6.863982080912793202e-03 1.724061667514495133e-01 1.673168333491274751e-02 4.245564505032999730e-02 2.822967134355570118e-01 2.044691388884761485e-01 8.367054383707238641e-01 1.623162597615300171e-02 3.563742851588466763e+07
7.904442566565850897e-03 1.588384107245278676e-01 3.755113585057854621e-03 6.646502021331231191e-02 2.645081438537222329e-01 1.792265010154619753e-01 8.259643167819945564e-01 9.867697718838853993e-02 1.007119445601511747e+07
1.028517656253127334e-02 1.911244527270767046e-01 1.076322103803366639e-02 2.992579779453554897e-02 2.373828636735777209e-01 1.915638614805592339e-04 2.763449220236620096e-01 2.515500195134593581e-02 3.491096519931332022e+07
1.665360865146739769e-02 1.145740169879468084e-01 4.000166277682254239e-03 1.582049695374796935e-02 7.370225314279897633e-02 8.806530926355247979e-02 8.850253851363110158e-01 1.643270853537751042e-01 1.802062863089612499e+07
9.278659605902919716e-03 1.283611818902004320e-01 3.493144623713629465e-02 1.510749674508760597e-02 2.195933622235047844e-01 1.293756687671437089e-01 2.199194627223297338e-01 1.867026652900590986e-02 2.157755731667795777e+07
7.427173345421226799e-03 5.778301584501942256e-02 1.220309585869530644e-02 4.993618215685768913e-02 1.146549682254797975e-01 5.596519963929182800e-02 3.271291315751367890e-01 1.950775351665047508e-01 2.705101146307372302e+07
6.720340907709871671e-03 1.680379278923333219e-01 1.915002615214592141e-02 2.370296367392680029e-02 3.574680123021533457e-02 4.449950090771802313e-02 4.700235002087707614e-01 8.943795420978168276e-05 2.833527838196859509e+07
2.121782066717149608e-03 5.636115999181365299e-02 4.217767420524627664e-02 3.117438830974604558e-02 2.326860647891819123e-01 1.721527741661342537e-01 3.487362055053267462e-01 1.468296552330564109e-01 1.342289136973461322e+07
1.792501088471296772e-02 1.494955395089688777e-01 2.444881335487132656e-02 2.540657373330209787e-02 1.941251909059616698e-01 3.799182368716435415e-02 9.824406025232844397e-02 1.040944097054339879e-01 3.455057812675888091e+07
7.206062497609683551e-03 1.293423704650142336e-01 2.059349570600096935e-02 7.630371385593395783e-02 2.143258028663698744e-01 6.002128797383668446e-03 5.270324724821766338e-02 2.995355358746002242e-02 2.936923861696310341e+07
1.992940885000015622e-02 9.001956124586729668e-02 2.699769942542709286e-02 6.843040929134656947e-02 4.833742405018553318e-02 1.235733387751608292e-01 7.356446528643403315e-01 3.338417634063758216e-02 2.204391790213099495e+07
2.223452872021573334e-03 3.878652332327803265e-02 5.667283774674546255e-03 7.139930437694824022e-03 5.327024431401234696e-03 8.539343749968956315e-03 4.072956964255766144e-01 1.288118798957374744e-01 2.789428357312135771e+07
9.007754198970045062e-03 1.040215677668820254e-01 2.771155349860869588e-02 5.941599533175901532e-02 2.518019750586096284e-01 8.147818419667587908e-02 3.150025556245049096e-01 7.684546792121052516e-02 1.388012474308023602e+07
7.984500949053180072e-04 1.484956278636251348e-01 1.390121010295205552e-02 1.869419902979474121e-02 6.379289376376598431e-02 6.285856179155113743e-02 5.240300742743204676e-01 5.898960112098776409e-02 1.542533946444737539e+07
1.739994942600919456e-02 1.162494719075302385e-01 2.509713076018112513e-02 7.900021288168700140e-02 9.424772459649920220e-02 1.818638120842953898e-01 3.342078601263325788e-01 2.770412027069895852e-02 3.787241416866336763e+07
1.972095525917354902e-02 9.578807730418392730e-02 9.901295876927861117e-03 7.365801460492449326e-02 5.894281682645616943e-02 2.174354546381606842e-02 5.927076178786961913e-01 6.169045341762631474e-02 2.598708587090982497e+07
7.105312627523141869e-03 1.770698862727654588e-01 2.357195280158540240e-02 4.668774648881284656e-02 3.066233949757180000e-01 8.191394272128661724e-02 6.021943280051321734e-01 4.870845867228336401e-02 2.063411721823755652e+07
1.616763140497664425e-02 1.562086320916882543e-01 4.977313673257921511e-02 7.313667004022765539e-02 1.349163034939486194e-01 2.004715964708362608e-01 6.749946230466248309e-01 1.370108093019697382e-01 3.379081805231839418e+07
5.369414286537587365e-03 1.326008983029859922e-01 8.214673927982925339e-03 2.737540926906518611e-05 2.570375461280520746e-01 1.364685452684144817e-01 9.657903969753482976e-01 1.064810769740152652e-01 3.348994493969135359e+07
4.137170631710760001e-03 4.279150674801027177e-02 7.156763435953413140e-03 4.736045093198855416e-02 1.159936066278391062e-02 4.620868910256210882e-02 7.020392179057647342e-01 5.249370930931453183e-02 2.230825758417875692e+07
1.632855657968136642e-02 1.089353270040459426e-01 1.425687886546077657e-02 7.723896014790339326e-02 1.901653481094153220e-01 4.993538207125021444e-02 6.254604599253673625e-01 1.008025747198456057e-01 3.291894345029714704e+07
1.483316740684907653e-02 9.771646554159142684e-02 2.974691311959359180e-03 5.763268836659022482e-02 1.574367205475474818e-01 6.695991508366409828e-02 4.180834317062384065e-01 7.988610024098838358e-02 1.506195510478832759e+07
2.992040076549678986e-03 1.627198211477517698e-01 3.223618697443724011e-03 1.713760946526044979e-02 2.040689760512791884e-01 7.449578227157509225e-02 7.949973009021512604e-01 2.678497844165568520e-02 2.743387979997317493e+07
1.585466379642737171e-03 1.100345168915856375e-01 2.976801854638993702e-02 1.829126739379105179e-02 4.462354083534143812e-02 1.617437484586889060e-02 4.646481445592308135e-01 1.228906340033509709e-01 1.859901306023346633e+07
